10
41 17 34 40 89 64 48 18 52 74 
35 65 61 87 61 41 25 62 57 36 
81 24 32 63 22 52 51 86 8 5 
47 36 11 18 69 22 17 19 25 84 
83 51 2 3 33 74 21 61 83 28 
77 14 82 87 57 79 83 21 79 58 
76 65 50 42 18 46 40 32 4 58 
86 45 50 69 70 50 66 51 3 38 
9 23 54 64 36 50 16 86 71 28 
24 39 56 73 47 28 8 12 69 71 
63 65 49 48 24 30 27 56 83 66 
71 35 14 82 60 69 47 3 57 42 
46 60 71 6 35 17 75 4 71 82 
80 70 21 34 16 10 57 41 7 87 
67 47 33 33 5 89 79 38 11 48 
32 16 56 70 33 8 0 11 42 35 
40 59 84 17 38 3 55 81 2 50 
31 56 14 40 6 81 78 69 48 4 
1 54 53 19 48 38 60 8 37 17 
38 43 78 73 77 81 0 47 43 64 
89 56 35 81 80 29 49 56 28 63 
14 28 84 29 49 32 45 55 33 33 
13 57 64 53 68 0 48 48 60 86 
38 71 59 8 19 67 42 42 88 52 
8 59 10 47 38 71 15 28 76 81 
2 24 62 75 78 56 82 26 65 83 
79 72 84 66 11 48 62 21 31 29 
47 36 82 89 35 2 80 80 33 49 
41 18 81 69 45 43 52 55 62 25 
88 16 87 87 22 62 29 84 71 89 
86 9 28 72 5 25 14 79 61 62 
85 60 28 63 29 3 79 76 37 19 
49 67 66 79 13 65 57 76 26 85 
8 82 35 84 24 1 86 61 26 23 
83 55 45 73 12 8 32 65 83 36 
61 28 66 82 31 4 66 62 19 1 
45 20 13 26 74 59 12 69 63 44 
54 80 65 39 46 33 64 32 8 68 
67 5 48 11 32 25 17 4 44 84 
84 44 72 89 43 80 17 37 48 77 
